#APS Storage Ring History, measured on 2013-07-09
#S:SRtimeCP      S:SRcurrentCP
#time, hr       	current, mA     
-23.9833       	101.963        
-23.9667       	102.175        
-23.95         	102.181        
-23.9333       	102.186        
-23.9167       	102.185        
-23.9          	102.339        
-23.8833       	102.052        
-23.8667       	102.046        
-23.85         	102.045        
-23.8333       	102.037        
-23.8167       	102.008        
-23.8          	102.008        
-23.7833       	102.013        
-23.7667       	102.175        
-23.75         	102.168        
-23.7333       	102.16         
-23.7167       	102.37         
-23.7          	102.075        
-23.6833       	102.061        
-23.6667       	102.043        
-23.65         	102.027        
-23.6333       	102.013        
-23.6167       	102.151        
-23.6          	102.136        
-23.5833       	102.124        
-23.5667       	102.316        
-23.55         	102.024        
-23.5333       	102.009        
-23.5167       	102            
-23.5          	102.183        
-23.4833       	102.177        
-23.4667       	102.156        
-23.45         	102.138        
-23.4333       	102.128        
-23.4167       	102.239        
-23.4          	102.228        
-23.3833       	102.222        
-23.3667       	102.194        
-23.35         	102.302        
-23.3333       	102.008        
-23.3167       	102.012        
-23.3          	102.243        
-23.2833       	102.234        
-23.2667       	102.241        
-23.25         	102.239        
-23.2333       	102.245        
-23.2167       	102.251        
-23.2          	102.44         
-23.1833       	102.156        
-23.1667       	102.167        
-23.15         	102.166        
-23.1333       	102.204        
-23.1167       	102.189        
-23.1          	102.188        
-23.0833       	102.361        
-23.0667       	102.08         
-23.05         	102.071        
-23.0333       	102.074        
-23.0167       	102.066        
-23            	102.209        
-22.9833       	102.21         
-22.9667       	102.207        
-22.95         	102.359        
-22.9333       	102.078        
-22.9167       	102.07         
-22.9          	102.065        
-22.8833       	102.215        
-22.8667       	102.216        
-22.85         	102.218        
-22.8333       	102.232        
-22.8167       	102.222        
-22.8          	102.417        
-22.7833       	102.138        
-22.7667       	102.116        
-22.75         	102.126        
-22.7333       	102.109        
-22.7167       	102.224        
-22.7          	102.222        
-22.6833       	102.218        
-22.6667       	102.394        
-22.65         	102.105        
-22.6333       	102.109        
-22.6167       	102.109        
-22.6          	102.285        
-22.5833       	102            
-22.5667       	101.997        
-22.55         	101.986        
-22.5333       	101.96         
-22.5167       	102.117        
-22.5          	102.111        
-22.4833       	102.107        
-22.4667       	102.099        
-22.45         	102.258        
-22.4333       	102.272        
-22.4167       	102.277        
-22.4          	102.005        
-22.3833       	102.144        
-22.3667       	102.135        
-22.35         	102.13         
-22.3333       	102.075        
-22.3167       	102.224        
-22.3          	102.215        
-22.2833       	102.203        
-22.2667       	102.213        
-22.25         	102.381        
-22.2333       	102.098        
-22.2167       	102.091        
-22.2          	102.081        
-22.1833       	102.194        
-22.1667       	102.19         
-22.15         	102.185        
-22.1333       	102.168        
-22.1167       	102.146        
-22.1          	102.31         
-22.0833       	102.022        
-22.0667       	102.02         
-22.05         	102.004        
-22.0333       	102.142        
-22.0167       	102.125        
-22            	102.116        
-21.9833       	102.067        
-21.9667       	102.259        
-21.95         	102.248        
-21.9333       	102.254        
-21.9167       	102.256        
-21.9          	102.388        
-21.8833       	102.099        
-21.8667       	102.077        
-21.85         	102.066        
-21.8333       	102.167        
-21.8167       	102.163        
-21.8          	102.155        
-21.7833       	102.133        
-21.7667       	102.267        
-21.75         	102.263        
-21.7333       	102.256        
-21.7167       	102.254        
-21.7          	102.475        
-21.6833       	102.184        
-21.6667       	102.173        
-21.65         	102.166        
-21.6333       	102.139        
-21.6167       	102.313        
-21.6          	102.024        
-21.5833       	102.013        
-21.5667       	102.006        
-21.55         	102.181        
-21.5333       	102.186        
-21.5167       	102.205        
-21.5          	102.216        
-21.4833       	102.236        
-21.4667       	102.523        
-21.45         	102.238        
-21.4333       	102.265        
-21.4167       	102.291        
-21.4          	102.008        
-21.3833       	101.999        
-21.3667       	102.178        
-21.35         	102.195        
-21.3333       	102.213        
-21.3167       	102.448        
-21.3          	102.168        
-21.2833       	102.19         
-21.2667       	102.203        
-21.25         	102.212        
-21.2333       	102.225        
-21.2167       	102.45         
-21.2          	102.167        
-21.1833       	102.199        
-21.1667       	102.226        
-21.15         	102.235        
-21.1333       	102.497        
-21.1167       	102.215        
-21.1          	102.237        
-21.0833       	102.251        
-21.0667       	102.259        
-21.05         	102.511        
-21.0333       	102.227        
-21.0167       	102.19         
-21            	102.212        
-20.9833       	102.239        
-20.9667       	102.258        
-20.95         	102.498        
-20.9333       	102.218        
-20.9167       	102.232        
-20.9          	102.242        
-20.8833       	102.1          
-20.8667       	102.353        
-20.85         	102.078        
-20.8333       	102.103        
-20.8167       	102.117        
-20.8          	102.114        
-20.7833       	102.383        
-20.7667       	102.1          
-20.75         	102.131        
-20.7333       	102.153        
-20.7167       	102.174        
-20.7          	102.183        
-20.6833       	102.414        
-20.6667       	102.135        
-20.65         	102.148        
-20.6333       	102.166        
-20.6167       	102.185        
-20.6          	102.433        
-20.5833       	102.15         
-20.5667       	102.149        
-20.55         	102.168        
-20.5333       	102.197        
-20.5167       	102.353        
-20.5          	102.075        
-20.4833       	102.092        
-20.4667       	102.098        
-20.45         	102.116        
-20.4333       	102.41         
-20.4167       	102.129        
-20.4          	102.15         
-20.3833       	102.164        
-20.3667       	102.186        
-20.35         	102.393        
-20.3333       	102.109        
-20.3167       	102.131        
-20.3          	102.156        
-20.2833       	102.161        
-20.2667       	102.392        
-20.25         	102.113        
-20.2333       	102.104        
-20.2167       	102.092        
-20.2          	102.09         
-20.1833       	102.276        
-20.1667       	101.988        
-20.15         	101.957        
-20.1333       	101.948        
-20.1167       	101.916        
-20.1          	102.065        
-20.0833       	102.064        
-20.0667       	102.064        
-20.05         	102.065        
-20.0333       	102.193        
-20.0167       	102.173        
-20            	102.165        
-19.9833       	102.163        
-19.9667       	102.309        
-19.95         	102.027        
-19.9333       	102.002        
-19.9167       	102            
-19.9          	102.057        
-19.8833       	102.041        
-19.8667       	102.032        
-19.85         	102.009        
-19.8333       	102.177        
-19.8167       	102.177        
-19.8          	102.171        
-19.7833       	102.344        
-19.7667       	102.056        
-19.75         	102.025        
-19.7333       	102.002        
-19.7167       	102.193        
-19.7          	102.181        
-19.6833       	102.168        
-19.6667       	102.147        
-19.65         	102.141        
-19.6333       	102.344        
-19.6167       	102.058        
-19.6          	102.05         
-19.5833       	102.05         
-19.5667       	102.182        
-19.55         	102.17         
-19.5333       	102.109        
-19.5167       	102.101        
-19.5          	102.094        
-19.4833       	102.279        
-19.4667       	101.99         
-19.45         	101.982        
-19.4333       	101.986        
-19.4167       	102.186        
-19.4          	102.176        
-19.3833       	102.145        
-19.3667       	102.128        
-19.35         	102.107        
-19.3333       	102.299        
-19.3167       	102.011        
-19.3          	101.99         
-19.2833       	101.971        
-19.2667       	102.127        
-19.25         	102.117        
-19.2333       	102.112        
-19.2167       	102.09         
-19.2          	102.273        
-19.1833       	101.985        
-19.1667       	101.984        
-19.15         	101.959        
-19.1333       	102.141        
-19.1167       	102.128        
-19.1          	102.119        
-19.0833       	102.092        
-19.0667       	102.079        
-19.05         	102.234        
-19.0333       	102.221        
-19.0167       	102.215        
-19            	102.204        
-18.9833       	102.186        
-18.9667       	102.386        
-18.95         	102.095        
-18.9333       	102.108        
-18.9167       	102.333        
-18.9          	102.056        
-18.8833       	102.042        
-18.8667       	102.043        
-18.85         	102.054        
-18.8333       	102.173        
-18.8167       	102.158        
-18.8          	102.145        
-18.7833       	102.145        
-18.7667       	102.116        
-18.75         	102.239        
-18.7333       	102.24         
-18.7167       	102.231        
-18.7          	102.331        
-18.6833       	102.048        
-18.6667       	102.036        
-18.65         	102.039        
-18.6333       	102.169        
-18.6167       	102.165        
-18.6          	102.155        
-18.5833       	102.156        
-18.5667       	102.153        
-18.55         	102.261        
-18.5333       	102.254        
-18.5167       	102.249        
-18.5          	102.402        
-18.4833       	102.121        
-18.4667       	102.125        
-18.45         	102.103        
-18.4333       	102.081        
-18.4167       	102.239        
-18.4          	102.244        
-18.3833       	102.253        
-18.3667       	102.389        
-18.35         	102.11         
-18.3333       	102.103        
-18.3167       	102.133        
-18.3          	102.151        
-18.2833       	102.378        
-18.2667       	102.097        
-18.25         	102.113        
-18.2333       	102.123        
-18.2167       	102.132        
-18.2          	102.345        
-18.1833       	102.064        
-18.1667       	102.071        
-18.15         	102.083        
-18.1333       	102.102        
-18.1167       	102.298        
-18.1          	102.013        
-18.0833       	102.027        
-18.0667       	102.036        
-18.05         	102.261        
-18.0333       	102.286        
-18.0167       	102.011        
-18            	102.045        
-17.9833       	102.069        
-17.9667       	102.286        
-17.95         	102.01         
-17.9333       	102.021        
-17.9167       	102.04         
-17.9          	102.056        
-17.8833       	102.292        
-17.8667       	102.012        
-17.85         	102.019        
-17.8333       	102.039        
-17.8167       	102.054        
-17.8          	102.069        
-17.7833       	102.321        
-17.7667       	102.04         
-17.75         	102.007        
-17.7333       	102.014        
-17.7167       	102.032        
-17.7          	102.021        
-17.6833       	102.033        
-17.6667       	102.001        
-17.65         	102.015        
-17.6333       	102.234        
-17.6167       	102.234        
-17.6          	102.274        
-17.5833       	102.001        
-17.5667       	102.012        
-17.55         	102.017        
-17.5333       	102.046        
-17.5167       	102.065        
-17.5          	102.082        
-17.4833       	102.105        
-17.4667       	102.141        
-17.45         	102.169        
-17.4333       	102.196        
-17.4167       	102.215        
-17.4          	102.234        
-17.3833       	102.254        
-17.3667       	102.268        
-17.35         	101.992        
-17.3333       	102.332        
-17.3167       	102.054        
-17.3          	102.083        
-17.2833       	102.123        
-17.2667       	102.148        
-17.25         	102.172        
-17.2333       	102.473        
-17.2167       	102.194        
-17.2          	102.218        
-17.1833       	102.25         
-17.1667       	102.277        
-17.15         	102.002        
-17.1333       	102.289        
-17.1167       	102.01         
-17.1          	102.046        
-17.0833       	102.071        
-17.0667       	102.088        
-17.05         	102.109        
-17.0333       	102.128        
-17.0167       	102.152        
-17            	102.17         
-16.9833       	102.188        
-16.9667       	102.216        
-16.95         	102.235        
-16.9333       	102.054        
-16.9167       	102.085        
-16.9          	102.106        
-16.8833       	102.141        
-16.8667       	102.154        
-16.85         	102.194        
-16.8333       	102.217        
-16.8167       	102.237        
-16.8          	102.257        
-16.7833       	102.291        
-16.7667       	102.016        
-16.75         	102.027        
-16.7333       	102.052        
-16.7167       	102.057        
-16.7          	102.071        
-16.6833       	102.087        
-16.6667       	102.115        
-16.65         	102.135        
-16.6333       	102.16         
-16.6167       	102.186        
-16.6          	102.22         
-16.5833       	102.255        
-16.5667       	102.293        
-16.55         	102.018        
-16.5333       	102.03         
-16.5167       	102.056        
-16.5          	102.086        
-16.4833       	102.125        
-16.4667       	102.147        
-16.45         	102.191        
-16.4333       	102.215        
-16.4167       	102.239        
-16.4          	102.266        
-16.3833       	101.989        
-16.3667       	102.029        
-16.35         	102.06         
-16.3333       	102.099        
-16.3167       	102.136        
-16.3          	101.858        
-16.2833       	101.833        
-16.2667       	101.823        
-16.25         	101.806        
-16.2333       	101.805        
-16.2167       	101.819        
-16.2          	102.028        
-16.1833       	102.038        
-16.1667       	102.058        
-16.15         	102.045        
-16.1333       	102.221        
-16.1167       	102.223        
-16.1          	102.201        
-16.0833       	102.172        
-16.0667       	102.156        
-16.05         	102.379        
-16.0333       	102.091        
-16.0167       	102.078        
-16            	102.086        
-15.9833       	102.068        
-15.9667       	102.249        
-15.95         	102.255        
-15.9333       	102.26         
-15.9167       	102.264        
-15.9          	102.446        
-15.8833       	102.158        
-15.8667       	102.172        
-15.85         	102.182        
-15.8333       	102.186        
-15.8167       	102.354        
-15.8          	102.074        
-15.7833       	102.065        
-15.7667       	102.059        
-15.75         	102.2          
-15.7333       	102.192        
-15.7167       	102.211        
-15.7          	102.365        
-15.6833       	102.081        
-15.6667       	102.095        
-15.65         	102.106        
-15.6333       	102.099        
-15.6167       	102.235        
-15.6          	102.233        
-15.5833       	102.244        
-15.5667       	102.233        
-15.55         	102.414        
-15.5333       	102.129        
-15.5167       	102.126        
-15.5          	102.139        
-15.4833       	102.135        
-15.4667       	102.324        
-15.45         	102.036        
-15.4333       	102.039        
-15.4167       	102.038        
-15.4          	102.198        
-15.3833       	102.183        
-15.3667       	102.186        
-15.35         	102.198        
-15.3333       	102.31         
-15.3167       	102.026        
-15.3          	102.029        
-15.2833       	102.237        
-15.2667       	102.21         
-15.25         	102.227        
-15.2333       	102.231        
-15.2167       	102.224        
-15.2          	102.225        
-15.1833       	102.445        
-15.1667       	102.157        
-15.15         	102.154        
-15.1333       	102.155        
-15.1167       	102.372        
-15.1          	102.085        
-15.0833       	102.1          
-15.0667       	102.126        
-15.05         	102.144        
-15.0333       	102.364        
-15.0167       	102.094        
-15            	102.105        
-14.9833       	102.115        
-14.9667       	102.308        
-14.95         	102.036        
-14.9333       	102.051        
-14.9167       	102.045        
-14.9          	102.055        
-14.8833       	102.076        
-14.8667       	102.292        
-14.85         	102.011        
-14.8333       	102.034        
-14.8167       	102.033        
-14.8          	102.182        
-14.7833       	102.187        
-14.7667       	102.207        
-14.75         	102.228        
-14.7333       	102.229        
-14.7167       	102.439        
-14.7          	102.159        
-14.6833       	102.167        
-14.6667       	102.18         
-14.65         	102.387        
-14.6333       	102.104        
-14.6167       	102.117        
-14.6          	102.114        
-14.5833       	102.304        
-14.5667       	102.034        
-14.55         	102.031        
-14.5333       	102.052        
-14.5167       	102.054        
-14.5          	102.088        
-14.4833       	102.099        
-14.4667       	102.347        
-14.45         	102.073        
-14.4333       	102.093        
-14.4167       	102.123        
-14.4          	102.317        
-14.3833       	102.04         
-14.3667       	102.057        
-14.35         	102.068        
-14.3333       	102.083        
-14.3167       	102.275        
-14.3          	101.994        
-14.2833       	101.998        
-14.2667       	102.009        
-14.25         	102.01         
-14.2333       	102.222        
-14.2167       	102.183        
-14.2          	102.194        
-14.1833       	102.141        
-14.1667       	102.374        
-14.15         	102.1          
-14.1333       	102.117        
-14.1167       	102.15         
-14.1          	102.169        
-14.0833       	102.272        
-14.0667       	101.995        
-14.05         	102.002        
-14.0333       	102.024        
-14.0167       	102.277        
-14            	102            
-13.9833       	102.017        
-13.9667       	102.039        
-13.95         	102.053        
-13.9333       	102.284        
-13.9167       	102.005        
-13.9          	102.023        
-13.8833       	101.979        
-13.8667       	101.994        
-13.85         	102.014        
-13.8333       	102.263        
-13.8167       	101.977        
-13.8          	102.004        
-13.7833       	102.036        
-13.7667       	102.275        
-13.75         	101.991        
-13.7333       	102.017        
-13.7167       	102.024        
-13.7          	102.04         
-13.6833       	102.078        
-13.6667       	102.391        
-13.65         	102.12         
-13.6333       	102.15         
-13.6167       	102.192        
-13.6          	102.228        
-13.5833       	102.514        
-13.5667       	102.235        
-13.55         	102.274        
-13.5333       	101.997        
-13.5167       	102.023        
-13.5          	102.054        
-13.4833       	102.332        
-13.4667       	102.058        
-13.45         	102.086        
-13.4333       	102.117        
-13.4167       	102.139        
-13.4          	102.162        
-13.3833       	102.455        
-13.3667       	102.181        
-13.35         	102.198        
-13.3333       	102.208        
-13.3167       	102.241        
-13.3          	102.265        
-13.2833       	101.995        
-13.2667       	102.269        
-13.25         	101.995        
-13.2333       	102.016        
-13.2167       	102.027        
-13.2          	102.347        
-13.1833       	102.072        
-13.1667       	102.107        
-13.15         	102.122        
-13.1333       	102.151        
-13.1167       	102.18         
-13.1          	102.213        
-13.0833       	102.5          
-13.0667       	102.221        
-13.05         	102.224        
-13.0333       	102.27         
-13.0167       	101.994        
-13            	101.989        
-12.9833       	102.23         
-12.9667       	102.254        
-12.95         	102.211        
-12.9333       	102.22         
-12.9167       	102.247        
-12.9          	102.522        
-12.8833       	102.244        
-12.8667       	102.256        
-12.85         	101.981        
-12.8333       	102.013        
-12.8167       	102.168        
-12.8          	102.163        
-12.7833       	102.164        
-12.7667       	102.183        
-12.75         	102.202        
-12.7333       	102.413        
-12.7167       	102.129        
-12.7          	102.123        
-12.6833       	102.145        
-12.6667       	102.151        
-12.65         	102.277        
-12.6333       	101.991        
-12.6167       	102            
-12.6          	102.265        
-12.5833       	101.978        
-12.5667       	101.991        
-12.55         	101.996        
-12.5333       	101.993        
-12.5167       	102.21         
-12.5          	102.215        
-12.4833       	102.221        
-12.4667       	102.231        
-12.45         	102.211        
-12.4333       	102.394        
-12.4167       	102.108        
-12.4          	102.111        
-12.3833       	102.116        
-12.3667       	102.333        
-12.35         	102.05         
-12.3333       	102.059        
-12.3167       	102.064        
-12.3          	102.249        
-12.2833       	102.264        
-12.2667       	101.979        
-12.25         	101.982        
-12.2333       	101.987        
-12.2167       	101.995        
-12.2          	102.184        
-12.1833       	102.202        
-12.1667       	102.214        
-12.15         	102.219        
-12.1333       	102.388        
-12.1167       	102.11         
-12.1          	102.118        
-12.0833       	102.118        
-12.0667       	102.118        
-12.05         	102.337        
-12.0333       	102.049        
-12.0167       	102.061        
-12            	102.076        
-11.9833       	102.282        
-11.9667       	101.991        
-11.95         	102.008        
-11.9333       	102.022        
-11.9167       	102.038        
-11.9          	102.258        
-11.8833       	101.985        
-11.8667       	102.001        
-11.85         	102.021        
-11.8333       	102.043        
-11.8167       	102.072        
-11.8          	102.297        
-11.7833       	102.024        
-11.7667       	102.02         
-11.75         	102.048        
-11.7333       	102.191        
-11.7167       	102.213        
-11.7          	102.241        
-11.6833       	102.262        
-11.6667       	101.981        
-11.65         	102.23         
-11.6333       	102.234        
-11.6167       	102.254        
-11.6          	101.977        
-11.5833       	101.986        
-11.5667       	102.222        
-11.55         	102.238        
-11.5333       	102.249        
-11.5167       	102.269        
-11.5          	101.988        
-11.4833       	102.177        
-11.4667       	102.194        
-11.45         	102.221        
-11.4333       	102.243        
-11.4167       	102.368        
-11.4          	102.094        
-11.3833       	102.126        
-11.3667       	102.149        
-11.35         	102.393        
-11.3333       	102.12         
-11.3167       	102.139        
-11.3          	102.144        
-11.2833       	102.149        
-11.2667       	102.372        
-11.25         	102.093        
-11.2333       	102.103        
-11.2167       	102.12         
-11.2          	102.136        
-11.1833       	102.339        
-11.1667       	102.06         
-11.15         	102.072        
-11.1333       	102.093        
-11.1167       	102.088        
-11.1          	102.316        
-11.0833       	102.038        
-11.0667       	102.045        
-11.05         	102.061        
-11.0333       	102.232        
-11.0167       	102.266        
-11            	101.991        
-10.9833       	102.03         
-10.9667       	102.067        
-10.95         	102.102        
-10.9333       	102.372        
-10.9167       	102.099        
-10.9          	102.143        
-10.8833       	102.184        
-10.8667       	102.22         
-10.85         	102.462        
-10.8333       	102.194        
-10.8167       	102.22         
-10.8          	102.237        
-10.7833       	102.268        
-10.7667       	101.997        
-10.75         	102.31         
-10.7333       	102.037        
-10.7167       	102.065        
-10.7          	102.091        
-10.6833       	102.133        
-10.6667       	102.411        
-10.65         	102.133        
-10.6333       	102.167        
-10.6167       	102.196        
-10.6          	102.229        
-10.5833       	102.255        
-10.5667       	102.281        
-10.55         	102.013        
-10.5333       	102.306        
-10.5167       	102.036        
-10.5          	102.082        
-10.4833       	102.112        
-10.4667       	102.416        
-10.45         	102.141        
-10.4333       	102.171        
-10.4167       	102.213        
-10.4          	102.251        
-10.3833       	102.282        
-10.3667       	102.009        
-10.35         	102.265        
-10.3333       	101.994        
-10.3167       	102.029        
-10.3          	102.048        
-10.2833       	102.055        
-10.2667       	102.322        
-10.25         	102.047        
-10.2333       	102.082        
-10.2167       	102.126        
-10.2          	102.151        
-10.1833       	102.191        
-10.1667       	102.48         
-10.15         	102.211        
-10.1333       	102.231        
-10.1167       	102.226        
-10.1          	102.228        
-10.0833       	102.451        
-10.0667       	102.168        
-10.05         	102.193        
-10.0333       	102.207        
-10.0167       	102.222        
-10            	102.423        
-9.98333       	102.135        
-9.96667       	102.156        
-9.95          	102.151        
-9.93333       	102.314        
-9.91667       	102.029        
-9.9           	102.037        
-9.88333       	102.047        
-9.86667       	102.05         
-9.85          	102.283        
-9.83333       	102.004        
-9.81667       	102.019        
-9.8           	102.028        
-9.78333       	102.236        
-9.76667       	102.251        
-9.75          	101.968        
-9.73333       	101.979        
-9.71667       	101.981        
-9.7           	102.213        
-9.68333       	102.227        
-9.66667       	102.223        
-9.65          	102.18         
-9.63333       	102.18         
-9.61667       	102.392        
-9.6           	102.104        
-9.58333       	102.106        
-9.56667       	102.118        
-9.55          	102.13         
-9.53333       	102.343        
-9.51667       	102.056        
-9.5           	102.063        
-9.48333       	102.079        
-9.46667       	102.089        
-9.45          	102.26         
-9.43333       	101.975        
-9.41667       	101.994        
-9.4           	102.006        
-9.38333       	102.251        
-9.36667       	102.247        
-9.35          	102.252        
-9.33333       	102.249        
-9.31667       	102.238        
-9.3           	102.475        
-9.28333       	102.187        
-9.26667       	102.21         
-9.25          	102.234        
-9.23333       	102.246        
-9.21667       	102.421        
-9.2           	102.149        
-9.18333       	102.168        
-9.16667       	102.19         
-9.15          	102.21         
-9.13333       	102.455        
-9.11667       	102.183        
-9.1           	102.188        
-9.08333       	102.2          
-9.06667       	102.191        
-9.05          	102.39         
-9.03333       	102.109        
-9.01667       	102.111        
-9             	102.129        
-8.98333       	102.149        
-8.96667       	102.414        
-8.95          	102.133        
-8.93333       	102.137        
-8.91667       	102.156        
-8.9           	102.152        
-8.88333       	102.338        
-8.86667       	102.057        
-8.85          	102.053        
-8.83333       	102.043        
-8.81667       	102.184        
-8.8           	102.198        
-8.78333       	102.234        
-8.76667       	102.253        
-8.75          	102.502        
-8.73333       	102.229        
-8.71667       	102.234        
-8.7           	102.258        
-8.68333       	102.265        
-8.66667       	101.995        
-8.65          	102.144        
-8.63333       	102.153        
-8.61667       	102.171        
-8.6           	102.181        
-8.58333       	102.333        
-8.56667       	102.055        
-8.55          	102.075        
-8.53333       	102.083        
-8.51667       	102.087        
-8.5           	102.31         
-8.48333       	102.029        
-8.46667       	101.996        
-8.45          	102            
-8.43333       	102.004        
-8.41667       	102.139        
-8.4           	102.144        
-8.38333       	102.159        
-8.36667       	102.323        
-8.35          	102.041        
-8.33333       	102.068        
-8.31667       	102.075        
-8.3           	102.078        
-8.28333       	102.28         
-8.26667       	101.994        
-8.25          	101.983        
-8.23333       	101.995        
-8.21667       	101.992        
-8.2           	102.001        
-8.18333       	102.188        
-8.16667       	102.207        
-8.15          	102.212        
-8.13333       	102.385        
-8.11667       	102.101        
-8.1           	102.102        
-8.08333       	102.113        
-8.06667       	102.266        
-8.05          	101.982        
-8.03333       	101.992        
-8.01667       	101.999        
-8             	101.999        
-7.98333       	102.193        
-7.96667       	102.2          
-7.95          	102.221        
-7.93333       	102.236        
-7.91667       	102.4          
-7.9           	102.125        
-7.88333       	102.133        
-7.86667       	102.133        
-7.85          	102.142        
-7.83333       	102.285        
-7.81667       	102.003        
-7.8           	102.006        
-7.78333       	102.032        
-7.76667       	102.257        
-7.75          	101.976        
-7.73333       	102.002        
-7.71667       	102.024        
-7.7           	102.05         
-7.68333       	102.229        
-7.66667       	102.196        
-7.65          	102.208        
-7.63333       	102.218        
-7.61667       	102.44         
-7.6           	102.161        
-7.58333       	102.169        
-7.56667       	102.189        
-7.55          	102.212        
-7.53333       	102.363        
-7.51667       	102.086        
-7.5           	102.09         
-7.48333       	102.105        
-7.46667       	102.346        
-7.45          	102.056        
-7.43333       	102.062        
-7.41667       	102.073        
-7.4           	102.074        
-7.38333       	102.172        
-7.36667       	102.142        
-7.35          	102.147        
-7.33333       	102.297        
-7.31667       	102.007        
-7.3           	101.996        
-7.28333       	102.009        
-7.26667       	102.242        
-7.25          	102.244        
-7.23333       	102.229        
-7.21667       	102.262        
-7.2           	101.986        
-7.18333       	102.217        
-7.16667       	102.235        
-7.15          	102.247        
-7.13333       	102.263        
-7.11667       	101.974        
-7.1           	102.199        
-7.08333       	102.236        
-7.06667       	102.254        
-7.05          	101.994        
-7.03333       	102.027        
-7.01667       	102.048        
-7             	102.28         
-6.98333       	102.013        
-6.96667       	102.03         
-6.95          	102.064        
-6.93333       	102.084        
-6.91667       	102.27         
-6.9           	102.008        
-6.88333       	102            
-6.86667       	102.013        
-6.85          	102.246        
-6.83333       	102.273        
-6.81667       	102.002        
-6.8           	102.046        
-6.78333       	102.074        
-6.76667       	102.112        
-6.75          	102.355        
-6.73333       	102.085        
-6.71667       	102.116        
-6.7           	102.146        
-6.68333       	102.168        
-6.66667       	102.41         
-6.65          	102.147        
-6.63333       	102.176        
-6.61667       	102.209        
-6.6           	102.227        
-6.58333       	102.484        
-6.56667       	102.216        
-6.55          	102.24         
-6.53333       	102.255        
-6.51667       	102.248        
-6.5           	102.425        
-6.48333       	102.148        
-6.46667       	102.144        
-6.45          	102.155        
-6.43333       	102.403        
-6.41667       	102.125        
-6.4           	102.138        
-6.38333       	102.128        
-6.36667       	102.35         
-6.35          	102.073        
-6.33333       	102.072        
-6.31667       	102.078        
-6.3           	102.096        
-6.28333       	102.086        
-6.26667       	102.28         
-6.25          	102.003        
-6.23333       	102            
-6.21667       	102.198        
-6.2           	102.188        
-6.18333       	102.213        
-6.16667       	102.175        
-6.15          	102.364        
-6.13333       	102.089        
-6.11667       	102.092        
-6.1           	102.068        
-6.08333       	102.07         
-6.06667       	101.783        
-6.05          	101.498        
-6.03333       	101.21         
-6.01667       	100.935        
-6             	100.674        
-5.98333       	100.406        
-5.96667       	100.125        
-5.95          	99.844         
-5.93333       	99.5588        
-5.91667       	99.2832        
-5.9           	99.007         
-5.88333       	-0.0447075     
-5.86667       	-0.0413791     
-5.85          	-0.00505225    
-5.83333       	-0.0367799     
-5.81667       	-0.0312761     
-5.8           	-0.0321399     
-5.78333       	-0.0281533     
-5.76667       	-0.0238979     
-5.75          	-0.0192183     
-5.73333       	-0.0161668     
-5.71667       	-0.0152497     
-5.7           	-0.0125486     
-5.68333       	-0.0127418     
-5.66667       	-0.01159       
-5.65          	-0.00693171    
-5.63333       	-0.00730797    
-5.61667       	-0.00289492    
-5.6           	-0.00203831    
-5.58333       	-5.45075e-05   
-5.56667       	0.00269345     
-5.55          	-0.00102369    
-5.53333       	0.00196895     
-5.51667       	0.0023543      
-5.5           	0.00219821     
-5.48333       	0.00726978     
-5.46667       	0.00399112     
-5.45          	0.00539171     
-5.43333       	0.00765001     
-5.41667       	0.0113382      
-5.4           	0.00467929     
-5.38333       	0.00969346     
-5.36667       	0.0104456      
-5.35          	0.00963442     
-5.33333       	0.0112233      
-5.31667       	0.0129266      
-5.3           	0.0149028      
-5.28333       	0.012418       
-5.26667       	0.0135215      
-5.25          	0.0138634      
-5.23333       	0.012236       
-5.21667       	0.0150857      
-5.2           	0.0165103      
-5.18333       	0.0164619      
-5.16667       	0.0116913      
-5.15          	0.0129093      
-5.13333       	0.0153224      
-5.11667       	0.0134375      
-5.1           	0.00832211     
-5.08333       	0.0122099      
-5.06667       	0.0133674      
-5.05          	0.0114635      
-5.03333       	0.0153638      
-5.01667       	0.0133401      
-5             	0.0139926      
-4.98333       	0.0150405      
-4.96667       	0.0122446      
-4.95          	0.0114687      
-4.93333       	0.0153201      
-4.91667       	0.0128186      
-4.9           	0.0164364      
-4.88333       	0.0165561      
-4.86667       	0.0159239      
-4.85          	0.0139479      
-4.83333       	0.015821       
-4.81667       	0.0149557      
-4.8           	0.0194613      
-4.78333       	0.0206819      
-4.76667       	0.0178561      
-4.75          	0.0194363      
-4.73333       	0.0217237      
-4.71667       	0.0216858      
-4.7           	0.022583       
-4.68333       	0.0210034      
-4.66667       	0.0212368      
-4.65          	0.0189693      
-4.63333       	0.0232082      
-4.61667       	0.021424       
-4.6           	0.0237994      
-4.58333       	0.0217184      
-4.56667       	0.022701       
-4.55          	0.0206839      
-4.53333       	0.0218762      
-4.51667       	0.0148973      
-4.5           	0.0380567      
-4.48333       	0.0184802      
-4.46667       	0.0417268      
-4.45          	0.0167375      
-4.43333       	0.0269103      
-4.41667       	0.0426375      
-4.4           	0.0246515      
-4.38333       	0.0311039      
-4.36667       	0.00253948     
-4.35          	0.0156149      
-4.33333       	0.0180824      
-4.31667       	0.0157133      
-4.3           	0.0142365      
-4.28333       	0.0139365      
-4.26667       	0.0128598      
-4.25          	0.0137807      
-4.23333       	0.0115374      
-4.21667       	0.0134433      
-4.2           	0.0174679      
-4.18333       	0.0129365      
-4.16667       	0.0166493      
-4.15          	0.0156419      
-4.13333       	0.0152653      
-4.11667       	0.0169447      
-4.1           	0.0121795      
-4.08333       	0.0168844      
-4.06667       	0.0169237      
-4.05          	0.0145007      
-4.03333       	0.0160754      
-4.01667       	0.0161254      
-4             	0.013348       
-3.98333       	0.0141164      
-3.96667       	0.014684       
-3.95          	0.0117454      
-3.93333       	0.0152067      
-3.91667       	0.0153427      
-3.9           	0.0130317      
-3.88333       	0.013923       
-3.86667       	0.0108941      
-3.85          	0.0113119      
-3.83333       	0.0137272      
-3.81667       	0.0112185      
-3.8           	0.0139399      
-3.78333       	0.0136788      
-3.76667       	0.0140236      
-3.75          	0.00897684     
-3.73333       	0.0102062      
-3.71667       	0.0116058      
-3.7           	0.0133607      
-3.68333       	0.0122694      
-3.66667       	0.0100688      
-3.65          	0.0122698      
-3.63333       	0.0116807      
-3.61667       	0.0130001      
-3.6           	0.0135801      
-3.58333       	0.0148415      
-3.56667       	0.0122755      
-3.55          	0.0123082      
-3.53333       	0.0113269      
-3.51667       	0.00822189     
-3.5           	0.00950559     
-3.48333       	0.0114408      
-3.46667       	0.0089322      
-3.45          	0.00686372     
-3.43333       	0.0125078      
-3.41667       	0.0124137      
-3.4           	0.0155754      
-3.38333       	0.0126893      
-3.36667       	0.0111908      
-3.35          	0.0122764      
-3.33333       	0.0125186      
-3.31667       	0.0113796      
-3.3           	0.0160541      
-3.28333       	0.0120965      
-3.26667       	0.0139389      
-3.25          	0.00943879     
-3.23333       	0.00932406     
-3.21667       	0.0106991      
-3.2           	0.0125914      
-3.18333       	0.0109621      
-3.16667       	0.0122676      
-3.15          	0.0105276      
-3.13333       	0.00988932     
-3.11667       	0.00934667     
-3.1           	0.00935607     
-3.08333       	0.00778135     
-3.06667       	0.00804913     
-3.05          	0.013889       
-3.03333       	0.0114429      
-3.01667       	0.0109003      
-3             	0.0109865      
-2.98333       	0.00890187     
-2.96667       	0.00981389     
-2.95          	0.00853873     
-2.93333       	0.00734922     
-2.91667       	0.0104095      
-2.9           	0.0135822      
-2.88333       	0.00894664     
-2.86667       	0.00981329     
-2.85          	0.0093657      
-2.83333       	0.00957327     
-2.81667       	0.00958847     
-2.8           	0.0105079      
-2.78333       	0.0125277      
-2.76667       	0.00878552     
-2.75          	0.00904313     
-2.73333       	0.0108364      
-2.71667       	0.0106783      
-2.7           	0.0106522      
-2.68333       	0.00956656     
-2.66667       	0.0103851      
-2.65          	0.00905894     
-2.63333       	0.0096693      
-2.61667       	0.0114757      
-2.6           	0.0106981      
-2.58333       	0.0105636      
-2.56667       	0.00832533     
-2.55          	0.0105136      
-2.53333       	0.00969204     
-2.51667       	0.0102844      
-2.5           	0.00833966     
-2.48333       	0.00852312     
-2.46667       	0.00764828     
-2.45          	0.0101767      
-2.43333       	0.00702872     
-2.41667       	0.00702367     
-2.4           	0.00934958     
-2.38333       	0.00991776     
-2.36667       	0.00970695     
-2.35          	0.0113948      
-2.33333       	0.00626708     
-2.31667       	0.00942207     
-2.3           	0.00762515     
-2.28333       	0.00571249     
-2.26667       	0.00658041     
-2.25          	0.00808867     
-2.23333       	0.00589947     
-2.21667       	0.00597901     
-2.2           	0.00590112     
-2.18333       	0.00739252     
-2.16667       	0.00654003     
-2.15          	0.00683385     
-2.13333       	0.00748141     
-2.11667       	0.00779956     
-2.1           	0.00769954     
-2.08333       	0.00815164     
-2.06667       	0.00761228     
-2.05          	0.00808118     
-2.03333       	0.00715407     
-2.01667       	0.00952282     
-2             	0.00634213     
-1.98333       	0.00538863     
-1.96667       	0.0109157      
-1.95          	0.011352       
-1.93333       	0.00985536     
-1.91667       	0.0124405      
-1.9           	0.00746325     
-1.88333       	0.00947616     
-1.86667       	0.00635089     
-1.85          	0.00945288     
-1.83333       	0.0104882      
-1.81667       	0.00893042     
-1.8           	0.0107683      
-1.78333       	0.0123922      
-1.76667       	0.0106049      
-1.75          	0.00787251     
-1.73333       	0.00734629     
-1.71667       	0.00809523     
-1.7           	0.0097655      
-1.68333       	0.0097031      
-1.66667       	28.5085        
-1.65          	59.6924        
-1.63333       	59.8924        
-1.61667       	70.2988        
-1.6           	100.018        
-1.58333       	103.08         
-1.56667       	102.807        
-1.55          	102.539        
-1.53333       	102.263        
-1.51667       	101.997        
-1.5           	101.724        
-1.48333       	101.456        
-1.46667       	101.19         
-1.45          	100.924        
-1.43333       	100.656        
-1.41667       	100.395        
-1.4           	100.135        
-1.38333       	99.8768        
-1.36667       	99.6383        
-1.35          	99.4146        
-1.33333       	99.0797        
-1.31667       	33.5722        
-1.3           	9.66444        
-1.28333       	-0.010057      
-1.26667       	-0.00953039    
-1.25          	-0.00603441    
-1.23333       	-0.00652122    
-1.21667       	-0.00228068    
-1.2           	-0.00138098    
-1.18333       	-0.000967287   
-1.16667       	-0.00450021    
-1.15          	0.00645653     
-1.13333       	0.00245132     
-1.11667       	-0.00483876    
-1.1           	0.00261363     
-1.08333       	0.00467874     
-1.06667       	0.00133678     
-1.05          	0.00194168     
-1.03333       	0.000690684    
-1.01667       	-0.000115497   
-1             	0.00199629     
-0.983333      	0.00434392     
-0.966667      	0.00243455     
-0.95          	1.19751        
-0.933333      	0.00291943     
-0.916667      	0.00190556     
-0.9           	0.000142228    
-0.883333      	16.5356        
-0.866667      	25.4097        
-0.85          	25.3955        
-0.833333      	25.3793        
-0.816667      	25.3617        
-0.8           	25.3486        
-0.783333      	25.3304        
-0.766667      	25.3174        
-0.75          	25.3003        
-0.733333      	25.2848        
-0.716667      	25.2668        
-0.7           	25.2471        
-0.683333      	25.2344        
-0.666667      	25.2153        
-0.65          	25.2022        
-0.633333      	25.181         
-0.616667      	25.1705        
-0.6           	25.1517        
-0.583333      	25.1356        
-0.566667      	25.1149        
-0.55          	25.0988        
-0.533333      	25.0837        
-0.516667      	25.0682        
-0.5           	25.0511        
-0.483333      	25.036         
-0.466667      	25.0179        
-0.45          	24.999         
-0.433333      	24.9797        
-0.416667      	24.9619        
-0.4           	24.946         
-0.383333      	24.9263        
-0.366667      	24.9103        
-0.35          	24.8931        
-0.333333      	24.8792        
-0.316667      	24.8665        
-0.3           	24.8459        
-0.283333      	24.8302        
-0.266667      	24.8146        
-0.25          	24.7968        
-0.233333      	24.7814        
-0.216667      	24.7628        
-0.2           	24.7485        
-0.183333      	24.7342        
-0.166667      	24.7169        
-0.15          	24.7025        
-0.133333      	24.6855        
-0.116667      	24.6703        
-0.1           	24.6534        
-0.0833333     	24.6342        
-0.0666667     	24.6214        
-0.05          	24.6034        
-0.0333333     	24.5892        
-0.0166667     	24.574         
0              	24.558         